7
0110100
0110101
1110101
0000111
0100000
0111110
0111000
5
00000
00000
00000
00000
00001
25
0001100011111110000111110
0001100011111110000111110
0001100011111110000111110
0001100011111110000111110
0001100011111110000111110
0001100011111110000111110
0001100011111110000111110
0001100011111110000111110
0001100011111110000111110
0001100011111110000111110
0001100011111110000111110
0001111111111110000111110
0001100011111110000111110
0001100011111111011111110
0001100011111110000111110
0001100011111110000111110
0001100011111110000111110
0001100011111110000111110
0001100011111110000111110
0001100011111111011111110
0001100011111110000111110
0001100011111110000111110
0001100011111110000111110
0001100011111110000111110
0001100011111110000111110
5
01010
10101
01010
10101
01010

25
0101010101010101010101010
1010101010101010101010101
0101010101010101010101010
1010101010101010101010101
0101010101010101010101010
1010101010101010101010101
0101010101010101010101010
1010101010101010101010101
0101010101010101010101010
1010101010101010101010101
0101010101010101010101010
1010101010101010101010101
0101010101010101010101010
1010101010101010101010101
0101010101010101010101010
1010101010101010101010101
0101010101010101010101010
1010101010101010101010101
0101010101010101010101010
1010101010101010101010101
0101010101010101010101010
1010101010101010101010101
0101010101010101010101010
1010101010101010101010101
0101010101010101010101010
25
0001100011111110000111110
0001100011111110000111110
0001100011111110000111110
0001100011111110000111110
0001100011111110000111110
0001100011111110000111110
0001100011111110000111110
0001100011111110000111110
0001100011111110000111110
0001100011111110000111110
0001100011111110000111110
0001100011111110000111110
0001100011111110000111110
0001100011111111111111110
0001100011111110000111110
0001100011111110000111110
0001100011111110000111110
0001100011111110000111110
0001100011111110000111110
0001100011111110010111110
0001100011111110000111110
0001100011111110000111110
0001100011111110000111110
0001100011111110000111110
0001100011111110000111110

1110100
1110101
1110101
0000111
0100000
1111101
0111000

7
0110100
0110101
1110101
0000111
0100000
0111110
0111000
